recall=0.818, precision=0.889, 2_0.9999922514_195.153658032_20888_66.21100000011.txt
recall=1.000, precision=1.000, 2_0.9999923706_else_100_2017-04-12-03-02-24_s0-6610cdc0-1ee9-11e7-b239-3566cdd6bf96.txt

average recall=0.909, average precision=0.944 
